346 356 358 
376 386 388 
391 401 403 
406 416 418 
418 428 430 
427 438 440 
437 449 451 
444 456 458 
451 463 465 
458 470 472 
464 476 478 
470 482 484 
476 488 490 
480 492 494 
484 496 498 
488 500 502 
492 504 506 
496 508 510 
501 513 515 
506 518 520 
511 523 525 
516 528 530 
522 534 536 
528 540 542 
538 548 550 
545 555 557 
553 563 565 
560 570 572 
568 578 580 
575 585 587 
583 593 595 
592 602 604 
602 612 614 
612 622 624 
622 632 634 
632 642 644 
642 652 654 
652 662 664 
662 672 674 
672 682 684 
682 692 694 
692 702 704 
702 712 714 
712 722 724 
722 732 734 
732 742 744 
742 752 754 
752 762 764 
762 772 774 
771 781 783 
780 790 792 
791 801 803 
799 809 811 
809 819 821 
819 829 831 
831 841 843 
839 849 851 
849 859 861 
859 869 871 
869 879 881 
879 889 891 
889 899 901 
899 909 911 
909 919 921 
919 929 931 
929 939 941 
937 947 949 
945 955 957 
955 965 967 
961 971 973 
970 980 982 
978 988 990 
986 996 998 
994 1004 1006 
1002 1012 1014 
1009 1019 1021 
1017 1027 1029 
1024 1034 1036 
1032 1042 1044 
1039 1049 1051 
1045 1055 1057 
1050 1060 1062 
1057 1067 1069 
1063 1073 1075 
1069 1079 1081 
1075 1085 1087 
1081 1091 1093 
1088 1098 1100 
1092 1102 1104 
1099 1109 1111 
1105 1115 1116 
1112 1122 1123 
1118 1128 1129 
1125 1135 1136 
1132 1142 1143 
1142 1152 1153 
1152 1162 1163 
1163 1173 1174 
1171 1181 1182 
1180 1190 1191 
1189 1199 1200 
1203 1213 1214 
1218 1228 1229 
1233 1243 1244 
1248 1258 1259 
1263 1273 1274 
1278 1288 1289 
1293 1303 1304 
1323 1333 1334 
1353 1363 1364 
1383 1393 1394 
1413 1423 1424 
1443 1453 1454 
1473 1483 1484 
1503 1513 1514 
1533 1543 1544 
