346 356 358 
376 386 388 
390 400 402 
406 416 418 
421 431 433 
434 446 448 
449 461 463 
459 471 473 
470 482 484 
479 491 493 
489 501 503 
499 511 513 
509 521 523 
519 531 533 
528 540 542 
541 551 553 
551 561 563 
561 571 573 
571 581 583 
587 597 599 
601 611 613 
616 626 628 
631 641 643 
646 656 658 
661 671 673 
676 686 688 
691 701 703 
706 716 718 
721 731 733 
736 746 748 
750 760 762 
772 782 784 
789 799 801 
804 814 816 
819 829 831 
834 844 846 
849 859 861 
864 874 876 
879 889 891 
894 904 906 
909 919 921 
924 934 936 
939 949 951 
955 965 967 
970 980 982 
980 990 992 
990 1000 1002 
1000 1010 1012 
1010 1020 1022 
1020 1030 1032 
1030 1040 1042 
1040 1050 1052 
1050 1060 1062 
1060 1070 1072 
1070 1080 1082 
1080 1090 1092 
1090 1100 1102 
1100 1110 1111 
1110 1120 1121 
1118 1128 1129 
1127 1137 1138 
1137 1147 1148 
1147 1157 1158 
1163 1173 1174 
1175 1185 1186 
1203 1213 1214 
1233 1243 1244 
1263 1273 1274 
1293 1303 1304 
1323 1333 1334 
1353 1363 1364 
1383 1393 1394 
1413 1423 1424 
1443 1453 1454 
1473 1483 1484 
1503 1513 1514 
1533 1543 1544 
