301 303 312 
331 333 342 
345 347 356 
361 363 372 
375 377 386 
388 390 399 
401 403 412 
411 413 422 
421 423 432 
429 431 440 
438 440 449 
448 450 459 
458 460 469 
467 469 478 
477 479 488 
489 491 501 
500 502 512 
510 512 522 
520 522 532 
536 538 548 
550 552 562 
565 567 577 
580 582 592 
595 597 607 
610 612 622 
625 627 637 
640 642 652 
655 657 667 
670 672 682 
685 687 697 
699 701 711 
721 723 733 
738 740 750 
753 755 765 
768 770 780 
783 785 795 
798 800 810 
813 815 825 
828 830 840 
843 845 855 
858 860 870 
873 875 885 
888 890 900 
904 906 916 
918 920 930 
928 930 940 
938 940 950 
948 950 960 
958 960 970 
968 970 980 
978 980 990 
988 990 1000 
998 1000 1010 
1008 1010 1020 
1018 1020 1030 
1028 1030 1040 
1038 1040 1050 
1048 1050 1060 
1058 1060 1070 
1068 1070 1080 
1078 1080 1090 
1088 1090 1100 
1098 1100 1110 
1114 1116 1126 
1128 1130 1140 
1158 1160 1169 
1188 1190 1199 
1218 1220 1229 
1248 1250 1259 
1278 1280 1289 
1308 1310 1319 
1338 1340 1349 
1368 1370 1379 
1398 1400 1409 
1428 1430 1439 
1458 1460 1469 
1488 1490 1499 
