301 303 312 
331 333 342 
346 348 357 
361 363 372 
372 374 383 
381 383 392 
391 393 402 
397 399 408 
403 405 414 
410 412 421 
417 419 428 
422 424 433 
426 428 437 
431 433 442 
434 436 445 
437 439 448 
441 443 452 
445 447 456 
450 452 461 
455 457 466 
460 462 471 
465 467 476 
470 472 481 
474 476 485 
482 484 493 
489 491 501 
497 499 509 
504 506 516 
512 514 524 
519 521 531 
527 529 539 
534 536 546 
542 544 554 
550 552 562 
557 559 569 
563 565 575 
572 574 584 
579 581 591 
587 589 599 
596 598 608 
602 604 614 
610 612 622 
617 619 629 
626 628 638 
632 634 644 
640 642 652 
647 649 659 
655 657 667 
662 664 674 
670 672 682 
677 679 689 
686 688 698 
692 694 704 
700 702 712 
707 709 719 
715 717 727 
722 724 734 
729 731 741 
737 739 749 
744 746 756 
752 754 764 
760 762 772 
767 769 779 
774 776 786 
782 784 794 
789 791 801 
797 799 809 
804 806 816 
812 814 824 
819 821 831 
827 829 839 
834 836 846 
842 844 854 
849 851 861 
857 859 869 
864 866 876 
872 874 884 
879 881 891 
887 889 899 
894 896 906 
902 904 914 
909 911 921 
917 919 929 
924 926 936 
932 934 944 
939 941 951 
947 949 959 
954 956 966 
962 964 974 
969 971 981 
977 979 989 
984 986 996 
992 994 1004 
999 1001 1011 
1005 1007 1017 
1011 1013 1023 
1017 1019 1029 
1023 1025 1035 
1029 1031 1041 
1035 1037 1047 
1041 1043 1053 
1047 1049 1059 
1053 1055 1065 
1059 1061 1071 
1065 1067 1077 
1071 1073 1083 
1078 1080 1090 
1084 1086 1096 
1093 1095 1105 
1103 1105 1115 
1113 1115 1125 
1123 1125 1135 
1133 1135 1145 
1143 1145 1155 
1158 1160 1169 
1173 1175 1184 
1188 1190 1199 
1203 1205 1214 
1218 1220 1229 
1233 1235 1244 
1248 1250 1259 
1278 1280 1289 
1308 1310 1319 
1338 1340 1349 
1368 1370 1379 
1398 1400 1409 
1428 1430 1439 
1458 1460 1469 
1488 1490 1499 
