301 303 312 
331 333 342 
346 348 357 
361 363 372 
372 374 383 
381 383 392 
391 393 402 
397 399 408 
403 405 414 
410 412 421 
416 418 427 
422 424 433 
427 429 438 
431 433 442 
434 436 445 
437 439 448 
441 443 452 
445 447 456 
450 452 461 
455 457 466 
460 462 471 
465 467 476 
470 472 481 
476 478 487 
487 489 498 
493 495 505 
502 504 514 
509 511 521 
517 519 529 
524 526 536 
532 534 544 
541 543 553 
551 553 563 
561 563 573 
571 573 583 
581 583 593 
591 593 603 
601 603 613 
611 613 623 
621 623 633 
631 633 643 
641 643 653 
651 653 663 
661 663 673 
671 673 683 
681 683 693 
691 693 703 
701 703 713 
711 713 723 
720 722 732 
729 731 741 
740 742 752 
748 750 760 
758 760 770 
768 770 780 
780 782 792 
788 790 800 
798 800 810 
808 810 820 
818 820 830 
828 830 840 
838 840 850 
848 850 860 
858 860 870 
868 870 880 
878 880 890 
886 888 898 
894 896 906 
903 905 915 
910 912 922 
918 920 930 
926 928 938 
934 936 946 
942 944 954 
950 952 962 
957 959 969 
965 967 977 
972 974 984 
980 982 992 
987 989 999 
993 995 1005 
998 1000 1010 
1005 1007 1017 
1011 1013 1023 
1017 1019 1029 
1023 1025 1035 
1029 1031 1041 
1036 1038 1048 
1040 1042 1052 
1047 1049 1059 
1053 1055 1065 
1060 1062 1072 
1068 1070 1080 
1075 1077 1087 
1083 1085 1095 
1093 1095 1105 
1103 1105 1115 
1114 1116 1126 
1123 1125 1135 
1133 1135 1145 
1143 1145 1155 
1158 1160 1169 
1173 1175 1184 
1188 1190 1199 
1203 1205 1214 
1218 1220 1229 
1233 1235 1244 
1248 1250 1259 
1278 1280 1289 
1308 1310 1319 
1338 1340 1349 
1368 1370 1379 
1398 1400 1409 
1428 1430 1439 
1458 1460 1469 
1488 1490 1499 
