378 384 386 387 
405 411 413 414 
426 432 434 435 
443 450 452 453 
457 464 466 467 
470 477 479 480 
481 488 490 491 
494 501 503 504 
510 517 519 520 
525 532 534 535 
544 549 551 552 
557 562 564 565 
575 580 582 583 
587 592 594 595 
602 607 609 610 
617 622 624 625 
634 639 641 642 
651 656 658 659 
669 674 676 677 
686 691 693 694 
703 708 710 711 
720 725 727 728 
738 743 745 746 
755 760 762 763 
772 777 779 780 
789 794 796 797 
806 811 813 814 
824 829 831 832 
839 844 846 847 
858 863 865 866 
876 881 883 884 
892 897 899 900 
908 913 915 916 
923 928 930 931 
937 942 944 945 
952 957 959 960 
967 972 974 975 
982 987 989 990 
996 1001 1003 1004 
1013 1018 1020 1021 
1028 1033 1035 1036 
1042 1047 1049 1050 
1058 1063 1065 1066 
1074 1079 1081 1082 
1089 1094 1096 1097 
1104 1109 1111 1112 
1118 1123 1125 1126 
1134 1139 1141 1142 
1149 1154 1156 1157 
1166 1171 1173 1174 
1185 1190 1192 1193 
1204 1209 1211 1212 
1250 1255 1257 1258 
1310 1315 1317 1318 
1369 1374 1376 1377 
1429 1434 1436 1437 
1489 1494 1496 1497 
