391 401 402 
421 431 432 
451 461 462 
481 491 492 
511 521 522 
540 551 553 
570 581 583 
600 611 613 
630 641 643 
645 656 658 
660 671 673 
675 686 688 
690 701 703 
705 716 718 
720 731 733 
735 746 748 
750 761 763 
774 785 787 
789 800 802 
804 815 817 
819 830 832 
834 845 847 
849 860 862 
864 875 877 
879 890 892 
894 905 907 
909 920 922 
924 935 937 
939 950 952 
954 965 967 
969 980 982 
984 995 997 
999 1010 1012 
1014 1025 1027 
1029 1040 1042 
1042 1053 1055 
1059 1070 1072 
1074 1085 1087 
1089 1100 1102 
1104 1114 1115 
1118 1128 1129 
1129 1139 1140 
1144 1154 1155 
1159 1169 1170 
1174 1184 1185 
1189 1199 1200 
1204 1214 1215 
1234 1244 1245 
1264 1274 1275 
1294 1304 1305 
1324 1334 1335 
1354 1364 1365 
1384 1394 1395 
1414 1424 1425 
1444 1454 1455 
1474 1484 1485 
1504 1514 1515 
1534 1544 1545 
