346 356 358 
376 386 388 
391 401 403 
406 416 418 
418 428 430 
427 438 440 
437 449 451 
444 456 458 
451 463 465 
458 470 472 
465 477 479 
470 482 484 
475 487 489 
480 492 494 
484 496 498 
488 500 502 
492 504 506 
496 508 510 
501 513 515 
506 518 520 
511 523 525 
516 528 530 
522 534 536 
526 538 540 
533 544 546 
541 551 553 
548 558 560 
555 565 567 
563 573 575 
570 580 582 
578 588 590 
585 595 597 
593 603 605 
601 611 613 
608 618 620 
614 624 626 
623 633 635 
630 640 642 
638 648 650 
647 657 659 
653 663 665 
661 671 673 
668 678 680 
677 687 689 
683 693 695 
691 701 703 
698 708 710 
706 716 718 
713 723 725 
721 731 733 
728 738 740 
737 747 749 
743 753 755 
751 761 763 
758 768 770 
766 776 778 
773 783 785 
780 790 792 
788 798 800 
795 805 807 
803 813 815 
811 821 823 
818 828 830 
825 835 837 
833 843 845 
840 850 852 
848 858 860 
855 865 867 
863 873 875 
870 880 882 
878 888 890 
885 895 897 
893 903 905 
900 910 912 
908 918 920 
915 925 927 
923 933 935 
930 940 942 
938 948 950 
945 955 957 
954 964 966 
960 970 972 
969 979 981 
976 986 988 
984 994 996 
991 1001 1003 
999 1009 1011 
1006 1016 1018 
1014 1024 1026 
1021 1031 1033 
1029 1039 1041 
1036 1046 1048 
1044 1054 1056 
1051 1061 1063 
1057 1067 1069 
1063 1073 1075 
1069 1079 1081 
1075 1085 1087 
1081 1091 1093 
1087 1097 1099 
1093 1103 1105 
1099 1109 1111 
1105 1115 1116 
1111 1121 1122 
1115 1125 1126 
1121 1131 1132 
1127 1137 1138 
1133 1143 1144 
1142 1152 1153 
1152 1162 1163 
1162 1172 1173 
1171 1181 1182 
1180 1190 1191 
1189 1199 1200 
1203 1213 1214 
1218 1228 1229 
1233 1243 1244 
1248 1258 1259 
1263 1273 1274 
1278 1288 1289 
1293 1303 1304 
1323 1333 1334 
1353 1363 1364 
1383 1393 1394 
1413 1423 1424 
1443 1453 1454 
1473 1483 1484 
1503 1513 1514 
1533 1543 1544 
