339 340 341 345 
373 374 375 379 
400 401 402 406 
429 430 431 435 
459 460 461 465 
486 488 490 496 
515 517 519 525 
547 548 550 554 
576 577 579 583 
606 607 609 613 
638 639 641 645 
666 667 669 673 
698 699 701 705 
727 728 730 734 
757 758 760 764 
787 788 790 794 
817 818 820 824 
847 848 850 854 
877 878 880 884 
907 908 910 914 
937 938 940 944 
967 969 971 976 
997 999 1001 1006 
1027 1029 1031 1036 
1057 1059 1061 1066 
1087 1089 1091 1096 
1113 1115 1117 1122 
1141 1142 1143 1147 
1199 1200 1201 1205 
1259 1260 1261 1265 
1318 1319 1320 1324 
1378 1379 1380 1384 
1438 1439 1440 1444 
