326 327 328 332 
353 354 355 359 
374 375 376 380 
389 390 391 395 
404 405 406 410 
420 421 422 426 
433 434 435 439 
447 448 449 453 
461 462 463 467 
476 477 479 483 
497 499 501 507 
517 519 521 527 
540 541 543 547 
560 561 563 567 
580 581 583 587 
602 603 605 609 
620 621 623 627 
640 641 643 647 
662 663 665 669 
680 681 683 687 
700 701 703 707 
720 721 723 727 
740 741 743 747 
760 761 763 767 
782 783 785 789 
801 802 804 808 
820 821 823 827 
840 841 843 847 
858 859 861 865 
880 881 883 887 
899 900 902 906 
918 919 921 925 
940 941 943 947 
959 961 963 968 
980 982 984 989 
1000 1002 1004 1009 
1020 1022 1024 1029 
1039 1041 1043 1048 
1060 1062 1064 1069 
1080 1082 1084 1089 
1100 1102 1104 1109 
1122 1124 1126 1131 
1151 1152 1153 1157 
1199 1200 1201 1205 
1259 1260 1261 1265 
1318 1319 1320 1324 
1378 1379 1380 1384 
1438 1439 1440 1444 
