326 327 328 332 
353 354 355 359 
374 375 376 380 
389 390 391 395 
402 403 404 408 
415 416 417 421 
426 427 428 432 
439 440 441 445 
455 456 457 461 
468 469 470 474 
483 485 487 493 
497 499 501 507 
514 516 518 524 
527 529 531 537 
545 546 548 552 
560 561 563 567 
577 578 580 584 
594 595 597 601 
612 613 615 619 
629 630 632 636 
646 647 649 653 
663 664 666 670 
681 682 684 688 
698 699 701 705 
715 716 718 722 
732 733 735 739 
749 750 752 756 
767 768 770 774 
782 783 785 789 
801 802 804 808 
819 820 822 826 
835 836 838 842 
851 852 854 858 
866 867 869 873 
880 881 883 887 
895 896 898 902 
910 911 913 917 
925 926 928 932 
940 941 943 947 
955 957 958 963 
969 971 973 978 
983 985 987 992 
999 1001 1003 1008 
1015 1017 1019 1024 
1030 1032 1034 1039 
1045 1047 1049 1054 
1059 1061 1063 1068 
1075 1077 1079 1084 
1092 1094 1096 1101 
1111 1113 1115 1120 
1131 1133 1135 1140 
1153 1154 1155 1159 
1199 1200 1201 1205 
1259 1260 1261 1265 
1318 1319 1320 1324 
1378 1379 1380 1384 
1438 1439 1440 1444 
