361 366 367 368 
394 399 400 401 
418 423 424 425 
435 442 444 445 
450 457 459 460 
464 471 473 474 
475 482 484 485 
488 495 497 498 
502 509 511 512 
518 525 527 528 
534 540 542 543 
550 555 557 558 
565 570 572 573 
581 586 588 589 
595 600 602 603 
610 615 617 618 
625 630 632 633 
642 647 649 650 
660 665 667 668 
678 683 685 686 
695 700 702 703 
712 717 719 720 
729 734 736 737 
746 751 753 754 
764 769 771 772 
780 785 787 788 
798 803 805 806 
816 821 823 824 
832 837 839 840 
849 854 856 857 
866 871 873 874 
885 890 892 893 
900 905 907 908 
915 920 922 923 
930 935 937 938 
943 948 950 951 
959 964 966 967 
975 980 982 983 
989 994 996 997 
1006 1011 1013 1014 
1023 1028 1030 1031 
1035 1040 1042 1043 
1051 1056 1058 1059 
1067 1072 1074 1075 
1083 1088 1090 1091 
1098 1103 1105 1106 
1112 1117 1119 1120 
1127 1132 1134 1135 
1142 1147 1149 1150 
1157 1162 1164 1165 
1176 1181 1183 1184 
1193 1198 1200 1201 
1218 1223 1225 1226 
1278 1283 1285 1286 
1338 1343 1345 1346 
1398 1403 1405 1406 
1462 1467 1469 1470 
