369 370 371 375 
429 430 431 435 
458 459 460 464 
489 490 491 495 
520 521 522 526 
545 546 547 551 
576 577 578 582 
605 606 607 611 
635 636 637 641 
665 666 667 671 
695 696 697 701 
725 726 727 731 
755 756 757 761 
785 786 787 791 
815 816 817 821 
845 846 847 851 
875 876 877 881 
905 906 907 911 
935 936 937 941 
965 966 967 971 
995 996 997 1001 
1025 1026 1027 1031 
1059 1060 1061 1065 
1105 1106 1107 1111 
1165 1166 1167 1171 
1225 1226 1227 1231 
1285 1286 1287 1291 
1345 1346 1347 1351 
1405 1406 1407 1411 
