306 307 308 312 
339 340 341 345 
363 364 365 369 
380 381 382 386 
393 394 395 399 
407 408 409 413 
418 419 420 424 
431 432 433 437 
445 446 447 451 
461 462 463 467 
474 475 477 481 
488 490 492 498 
503 505 507 513 
520 522 524 530 
537 539 540 545 
553 554 556 560 
568 569 571 575 
585 586 588 592 
603 604 606 610 
621 622 624 628 
638 639 641 645 
655 656 658 662 
672 673 675 679 
689 690 692 696 
707 708 710 714 
723 724 726 730 
741 742 744 748 
759 760 762 766 
775 776 778 782 
792 793 795 799 
809 810 812 816 
828 829 831 835 
843 844 846 850 
858 859 861 865 
873 874 876 880 
886 887 889 893 
902 903 905 909 
918 919 921 925 
932 933 935 939 
948 949 951 955 
963 965 967 972 
975 977 979 984 
991 993 995 1000 
1007 1009 1011 1016 
1023 1025 1027 1032 
1038 1040 1042 1047 
1052 1054 1056 1061 
1067 1069 1071 1076 
1083 1085 1087 1092 
1101 1103 1105 1110 
1121 1123 1125 1130 
1141 1142 1143 1147 
1166 1167 1168 1172 
1226 1227 1228 1232 
1286 1287 1288 1292 
1346 1347 1348 1352 
1410 1411 1412 1416 
