306 307 308 312 
338 339 340 344 
362 363 364 368 
380 381 382 386 
394 395 396 400 
410 411 412 416 
425 426 427 431 
438 439 440 444 
452 453 454 458 
467 468 469 473 
483 485 487 493 
504 506 508 514 
527 529 531 537 
550 551 553 557 
568 569 571 575 
590 591 593 597 
610 611 613 617 
629 630 632 636 
651 652 654 658 
671 672 674 678 
689 690 692 696 
711 712 714 718 
731 732 734 738 
749 750 752 756 
771 772 774 778 
790 791 793 797 
809 810 812 816 
830 831 833 837 
851 852 854 858 
869 870 872 876 
890 891 893 897 
910 911 913 917 
929 930 932 936 
950 951 953 957 
970 972 974 979 
990 992 994 999 
1010 1012 1014 1019 
1029 1031 1033 1038 
1050 1052 1054 1059 
1070 1072 1074 1079 
1090 1092 1094 1099 
1110 1112 1114 1119 
1136 1137 1138 1142 
1166 1167 1168 1172 
1226 1227 1228 1232 
1286 1287 1288 1292 
1346 1347 1348 1352 
1410 1411 1412 1416 
