487 492 493 
517 522 523 
548 553 554 
578 583 584 
608 613 614 
638 643 644 
668 673 674 
698 703 704 
729 735 736 
761 767 768 
795 801 802 
828 834 835 
858 864 865 
888 894 895 
918 924 925 
948 954 955 
978 984 985 
1008 1014 1015 
1038 1044 1045 
1068 1074 1075 
1098 1104 1105 
1125 1131 1132 
1153 1158 1159 
1179 1184 1185 
1209 1214 1215 
1239 1244 1245 
1269 1274 1275 
1299 1304 1305 
1331 1336 1337 
1361 1366 1367 
1391 1396 1397 
1421 1426 1427 
1451 1456 1457 
