466 467 471 
496 497 501 
527 528 532 
557 558 562 
587 588 592 
617 618 622 
647 648 652 
677 678 682 
707 708 712 
737 738 743 
771 772 777 
804 805 810 
834 835 840 
864 865 870 
894 895 900 
924 925 930 
954 955 960 
984 985 990 
1014 1015 1020 
1044 1045 1050 
1074 1075 1080 
1101 1102 1107 
1131 1132 1137 
1159 1160 1164 
1189 1190 1194 
1219 1220 1224 
1249 1250 1254 
1279 1280 1284 
1311 1312 1316 
1341 1342 1346 
1371 1372 1376 
1401 1402 1406 
1431 1432 1436 
