329 330 334 
350 351 355 
368 369 373 
385 386 390 
405 406 411 
419 420 425 
434 435 440 
448 449 454 
466 467 472 
484 485 490 
498 499 504 
513 514 519 
528 529 534 
548 549 554 
568 569 574 
588 589 594 
608 609 614 
628 629 634 
648 649 654 
668 669 674 
688 689 694 
708 709 714 
728 729 734 
748 749 754 
768 769 774 
788 789 794 
808 809 814 
828 829 834 
848 849 854 
868 869 874 
888 889 894 
908 909 914 
928 929 934 
948 949 954 
968 969 974 
985 986 991 
1002 1003 1008 
1017 1018 1023 
1031 1032 1037 
1047 1048 1053 
1062 1063 1068 
1078 1079 1084 
1093 1094 1099 
1107 1108 1113 
1128 1129 1134 
1158 1159 1163 
1188 1189 1193 
1218 1219 1223 
1248 1249 1253 
1278 1279 1283 
1308 1309 1313 
1338 1339 1343 
1368 1369 1373 
1400 1401 1405 
1430 1431 1435 
1460 1461 1465 
