450 455 456 457 
495 500 501 502 
524 529 530 531 
555 560 561 562 
586 591 592 593 
615 620 622 623 
645 650 652 653 
675 680 682 683 
705 710 712 713 
735 740 742 743 
765 770 772 773 
795 800 802 803 
825 830 832 833 
855 860 862 863 
885 890 892 893 
915 920 922 923 
945 950 952 953 
975 980 982 983 
1005 1010 1012 1013 
1036 1041 1043 1044 
1065 1070 1072 1073 
1098 1103 1105 1106 
1133 1138 1140 1141 
1189 1194 1195 1196 
1249 1254 1255 1256 
1307 1312 1313 1314 
1367 1372 1373 1374 
1427 1432 1433 1434 
1487 1492 1493 1494 
