391 397 399 400 
425 431 433 434 
454 461 463 464 
484 491 493 494 
514 521 523 524 
547 552 554 555 
576 581 583 584 
604 609 611 612 
633 638 640 641 
663 668 670 671 
695 700 702 703 
723 728 730 731 
755 760 762 763 
784 789 791 792 
814 819 821 822 
844 849 851 852 
874 879 881 882 
904 909 911 912 
934 939 941 942 
964 969 971 972 
994 999 1001 1002 
1026 1031 1033 1034 
1056 1061 1063 1064 
1086 1091 1093 1094 
1116 1121 1123 1124 
1145 1150 1152 1153 
1168 1173 1175 1176 
1192 1197 1199 1200 
1250 1255 1257 1258 
1310 1315 1317 1318 
1369 1374 1376 1377 
1429 1434 1436 1437 
1489 1494 1496 1497 
