336 337 338 340 341 342 343 344 346 347 349 351 352 354 355 357 358 360 360 361 362 363 364 366 367 368 
369 370 371 373 374 375 376 377 379 380 382 384 385 387 388 390 391 393 393 394 395 396 397 399 400 401 
393 394 395 397 398 399 400 401 403 404 406 408 409 411 412 414 415 417 417 418 419 420 421 423 424 425 
410 411 412 414 415 416 417 418 420 421 423 425 426 428 429 431 432 434 434 435 437 438 439 442 444 445 
423 424 425 427 428 429 430 431 433 434 436 438 439 441 443 445 446 448 449 450 452 453 454 457 459 460 
437 438 439 441 442 443 444 445 447 448 450 452 453 455 457 459 460 462 463 464 466 467 468 471 473 474 
448 449 450 452 453 454 455 456 458 459 461 463 464 466 468 470 471 473 474 475 477 478 479 482 484 485 
461 462 463 465 466 467 468 469 471 472 474 476 477 479 481 483 484 486 487 488 490 491 492 495 497 498 
475 476 477 479 480 481 482 483 485 486 488 490 491 493 495 497 498 500 501 502 504 505 506 509 511 512 
491 492 493 495 496 497 498 499 501 502 504 506 507 509 511 513 514 516 517 518 520 521 522 525 527 528 
507 508 509 511 512 513 514 515 517 518 520 522 523 525 527 529 530 532 533 534 536 537 538 540 542 543 
524 525 526 528 529 530 531 532 534 535 537 539 540 542 543 545 546 548 549 550 551 552 553 555 557 558 
539 540 541 543 544 545 546 547 549 550 552 554 555 557 558 560 561 563 564 565 566 567 568 570 572 573 
555 556 557 559 560 561 562 563 565 566 568 570 571 573 574 576 577 579 580 581 582 583 584 586 588 589 
569 570 571 573 574 575 576 577 579 580 582 584 585 587 588 590 591 593 594 595 596 597 598 600 602 603 
584 585 586 588 589 590 591 592 594 595 597 599 600 602 603 605 606 608 609 610 611 612 613 615 617 618 
599 600 601 603 604 605 606 607 609 610 612 614 615 617 618 620 621 623 624 625 626 627 628 630 632 633 
616 617 618 620 621 622 623 624 626 627 629 631 632 634 635 637 638 640 641 642 643 644 645 647 649 650 
634 635 636 638 639 640 641 642 644 645 647 649 650 652 653 655 656 658 659 660 661 662 663 665 667 668 
652 653 654 656 657 658 659 660 662 663 665 667 668 670 671 673 674 676 677 678 679 680 681 683 685 686 
669 670 671 673 674 675 676 677 679 680 682 684 685 687 688 690 691 693 694 695 696 697 698 700 702 703 
686 687 688 690 691 692 693 694 696 697 699 701 702 704 705 707 708 710 711 712 713 714 715 717 719 720 
703 704 705 707 708 709 710 711 713 714 716 718 719 721 722 724 725 727 728 729 730 731 732 734 736 737 
720 721 722 724 725 726 727 728 730 731 733 735 736 738 739 741 742 744 745 746 747 748 749 751 753 754 
738 739 740 742 743 744 745 746 748 749 751 753 754 756 757 759 760 762 763 764 765 766 767 769 771 772 
754 755 756 758 759 760 761 762 764 765 767 769 770 772 773 775 776 778 779 780 781 782 783 785 787 788 
772 773 774 776 777 778 779 780 782 783 785 787 788 790 791 793 794 796 797 798 799 800 801 803 805 806 
790 791 792 794 795 796 797 798 800 801 803 805 806 808 809 811 812 814 815 816 817 818 819 821 823 824 
806 807 808 810 811 812 813 814 816 817 819 821 822 824 825 827 828 830 831 832 833 834 835 837 839 840 
823 824 825 827 828 829 830 831 833 834 836 838 839 841 842 844 845 847 848 849 850 851 852 854 856 857 
840 841 842 844 845 846 847 848 850 851 853 855 856 858 859 861 862 864 865 866 867 868 869 871 873 874 
859 860 861 863 864 865 866 867 869 870 872 874 875 877 878 880 881 883 884 885 886 887 888 890 892 893 
874 875 876 878 879 880 881 882 884 885 887 889 890 892 893 895 896 898 899 900 901 902 903 905 907 908 
889 890 891 893 894 895 896 897 899 900 902 904 905 907 908 910 911 913 914 915 916 917 918 920 922 923 
904 905 906 908 909 910 911 912 914 915 917 919 920 922 923 925 926 928 929 930 931 932 933 935 937 938 
917 918 919 921 922 923 924 925 927 928 930 932 933 935 936 938 939 941 942 943 944 945 946 948 950 951 
933 934 935 937 938 939 940 941 943 944 946 948 949 951 952 954 955 957 958 959 960 961 962 964 966 967 
949 950 951 953 954 955 956 957 959 960 962 964 965 967 968 970 971 973 974 975 976 977 978 980 982 983 
963 964 965 967 968 969 970 971 973 974 976 978 979 981 982 984 985 987 988 989 990 991 992 994 996 997 
980 981 982 984 985 986 987 988 990 991 993 995 996 998 999 1001 1002 1004 1005 1006 1007 1008 1009 1011 1013 1014 
997 998 999 1001 1002 1003 1004 1005 1007 1008 1010 1012 1013 1015 1016 1018 1019 1021 1022 1023 1024 1025 1026 1028 1030 1031 
1009 1010 1011 1013 1014 1015 1016 1017 1019 1020 1022 1024 1025 1027 1028 1030 1031 1033 1034 1035 1036 1037 1038 1040 1042 1043 
1025 1026 1027 1029 1030 1031 1032 1033 1035 1036 1038 1040 1041 1043 1044 1046 1047 1049 1050 1051 1052 1053 1054 1056 1058 1059 
1041 1042 1043 1045 1046 1047 1048 1049 1051 1052 1054 1056 1057 1059 1060 1062 1063 1065 1066 1067 1068 1069 1070 1072 1074 1075 
1057 1058 1059 1061 1062 1063 1064 1065 1067 1068 1070 1072 1073 1075 1076 1078 1079 1081 1082 1083 1084 1085 1086 1088 1090 1091 
1072 1073 1074 1076 1077 1078 1079 1080 1082 1083 1085 1087 1088 1090 1091 1093 1094 1096 1097 1098 1099 1100 1101 1103 1105 1106 
1086 1087 1088 1090 1091 1092 1093 1094 1096 1097 1099 1101 1102 1104 1105 1107 1108 1110 1111 1112 1113 1114 1115 1117 1119 1120 
1101 1102 1103 1105 1106 1107 1108 1109 1111 1112 1114 1116 1117 1119 1120 1122 1123 1125 1126 1127 1128 1129 1130 1132 1134 1135 
1117 1118 1119 1121 1122 1123 1124 1125 1127 1128 1130 1132 1133 1135 1136 1138 1139 1141 1141 1142 1143 1144 1145 1147 1149 1150 
1135 1136 1137 1139 1140 1141 1142 1143 1144 1145 1146 1148 1149 1150 1152 1153 1154 1156 1156 1157 1158 1159 1160 1162 1164 1165 
1154 1155 1156 1158 1159 1160 1161 1162 1163 1164 1165 1167 1168 1169 1171 1172 1173 1175 1175 1176 1177 1178 1179 1181 1183 1184 
1171 1172 1173 1175 1176 1177 1178 1179 1180 1181 1182 1184 1185 1186 1188 1189 1190 1192 1192 1193 1194 1195 1196 1198 1200 1201 
1196 1197 1198 1200 1201 1202 1203 1204 1205 1206 1207 1209 1210 1211 1213 1214 1215 1217 1217 1218 1219 1220 1221 1223 1225 1226 
1256 1257 1258 1260 1261 1262 1263 1264 1265 1266 1267 1269 1270 1271 1273 1274 1275 1277 1277 1278 1279 1280 1281 1283 1285 1286 
1316 1317 1318 1320 1321 1322 1323 1324 1325 1326 1327 1329 1330 1331 1333 1334 1335 1337 1337 1338 1339 1340 1341 1343 1345 1346 
1376 1377 1378 1380 1381 1382 1383 1384 1385 1386 1387 1389 1390 1391 1393 1394 1395 1397 1397 1398 1399 1400 1401 1403 1405 1406 
1440 1441 1442 1444 1445 1446 1447 1448 1449 1450 1451 1453 1454 1455 1457 1458 1459 1461 1461 1462 1463 1464 1465 1467 1469 1470 
